[Info]
Number of Regions=0001
Version=1.3.1

[Region 1]
Region Name=Au 4f 4K long
Dimension 1 name=Binding Energy [eV]
Dimension 1 size=121
Dimension 1 scale=94.00000 93.90000 93.80000 93.70000 93.60000 93.50000 93.40000 93.30000 93.20000 93.10000 93.00000 92.90000 92.80000 92.70000 92.60000 92.50000 92.40000 92.30000 92.20000 92.10000 92.00000 91.90000 91.80000 91.70000 91.60000 91.50000 91.40000 91.30000 91.20000 91.10000 91.00000 90.90000 90.80000 90.70000 90.60000 90.50000 90.40000 90.30000 90.20000 90.10000 90.00000 89.90000 89.80000 89.70000 89.60000 89.50000 89.40000 89.30000 89.20000 89.10000 89.00000 88.90000 88.80000 88.70000 88.60000 88.50000 88.40000 88.30000 88.20000 88.10000 88.00000 87.90000 87.80000 87.70000 87.60000 87.50000 87.40000 87.30000 87.20000 87.10000 87.00000 86.90000 86.80000 86.70000 86.60000 86.50000 86.40000 86.30000 86.20000 86.10000 86.00000 85.90000 85.80000 85.70000 85.60000 85.50000 85.40000 85.30000 85.20000 85.10000 85.00000 84.90000 84.80000 84.70000 84.60000 84.50000 84.40000 84.30000 84.20000 84.10000 84.00000 83.90000 83.80000 83.70000 83.60000 83.50000 83.40000 83.30000 83.20000 83.10000 83.00000 82.90000 82.80000 82.70000 82.60000 82.50000 82.40000 82.30000 82.20000 82.10000 82.00000
Dimension 2 name=Seq. Iteration[a.u.]
Dimension 2 size=6
Dimension 2 scale=1.00000 2.00000 3.00000 4.00000 5.00000 6.00000

[Info 1]
Region Name=Au 4f 4K long
Excitation Energy=4000
Energy Scale=Binding
Acquisition Mode=Swept
Center Energy=88
Low Energy=82
High Energy=94
Energy Step=0.1
Step Time=200
Detector First X-Channel=1
Detector Last X-Channel=1064
Detector First Y-Channel=1
Detector Last Y-Channel=1000
Number of Slices=1
Lens Mode=X6_25012013
Pass Energy=200
Number of Sweeps=1
File=D:\Data\BL data\sample2.pxt,.txt
Sequence=D:\Data\BL data\2014\July\Jet.seq
Spectrum Name=Au 4f 4K long
Instrument=HiPPHAXPES-4EH002
Location=931
User=Matthias
Sample=Au foil
Comments=
Date=9/9/2014
Time=1:44:43 PM
Time per Spectrum Channel=34.4

[Run Mode Information 1]
Name=Add Dimension


[Data 1]
 9.40000000000000E+0001  5.23149771908764E+0003  5.37082064825930E+0003  5.11831740696278E+0003  5.28910540216086E+0003  5.62661128451381E+0003  5.76624729891957E+0003
 9.39000000000000E+0001  5.77970996398559E+0003  4.78550780312125E+0003  5.63991740696279E+0003  5.34718271308523E+0003  5.76577767106843E+0003  5.24323841536615E+0003
 9.38000000000000E+0001  4.73823193277311E+0003  5.49762016806723E+0003  5.05695270108043E+0003  5.49699399759904E+0003  5.58606674669868E+0003  5.41981848739496E+0003
 9.37000000000000E+0001  4.91528163265306E+0003  5.44799615846339E+0003  5.04286386554622E+0003  5.35751452581032E+0003  6.00481824729892E+0003  5.63788235294118E+0003
 9.36000000000000E+0001  5.02173061224490E+0003  5.44423913565426E+0003  5.17138535414166E+0003  5.30569891956783E+0003  5.78017959183674E+0003  5.03519327731092E+0003
 9.35000000000000E+0001  5.15980120048019E+0003  5.51703145258103E+0003  5.21286914765906E+0003  5.68719327731092E+0003  5.87974069627851E+0003  5.00435438175270E+0003
 9.34000000000000E+0001  5.50873469387755E+0003  5.37864777911164E+0003  4.82339111644658E+0003  5.25372677070828E+0003  5.76843889555822E+0003  5.88553277310924E+0003
 9.33000000000000E+0001  5.85907707082833E+0003  5.11941320528211E+0003  5.70425642256903E+0003  5.26640672268908E+0003  5.36862905162065E+0003  5.74229627851141E+0003
 9.32000000000000E+0001  5.67717454981993E+0003  5.40369459783914E+0003  5.58293589435774E+0003  5.51343097238896E+0003  5.34812196878752E+0003  5.66606002400960E+0003
 9.31000000000000E+0001  5.29082737094838E+0003  5.12645762304922E+0003  5.59420696278511E+0003  5.25200480192077E+0003  5.69282881152461E+0003  6.11658967587035E+0003
 9.30000000000000E+0001  5.38819687875150E+0003  5.22805378151261E+0003  5.38490948379352E+0003  5.28644417767107E+0003  5.65823289315726E+0003  5.75137575030012E+0003
 9.29000000000000E+0001  5.53581656662665E+0003  5.60046866746699E+0003  5.39852869147659E+0003  5.54473949579832E+0003  5.26953757503001E+0003  6.22116014405762E+0003
 9.28000000000000E+0001  5.06352749099640E+0003  5.53581656662665E+0003  5.62848979591837E+0003  5.82432460984394E+0003  6.39742713085234E+0003  5.88568931572629E+0003
 9.27000000000000E+0001  5.59201536614646E+0003  5.74401824729892E+0003  6.16292629051621E+0003  5.81352316926771E+0003  5.93468715486194E+0003  5.76374261704682E+0003
 9.26000000000000E+0001  5.76405570228091E+0003  5.39837214885954E+0003  5.92106794717887E+0003  6.02642112845138E+0003  5.77767490996399E+0003  5.83199519807923E+0003
 9.25000000000000E+0001  5.30021992797119E+0003  5.37755198079232E+0003  5.74167010804322E+0003  5.65134501800720E+0003  6.10657094837935E+0003  5.91527587034814E+0003
 9.24000000000000E+0001  5.48400096038415E+0003  5.38412677070828E+0003  5.93374789915966E+0003  5.76061176470588E+0003  6.02704729891957E+0003  6.09076014405762E+0003
 9.23000000000000E+0001  5.56618583433373E+0003  5.39837214885954E+0003  5.66026794717887E+0003  5.74652292917167E+0003  5.80976614645858E+0003  6.05600768307323E+0003
 9.22000000000000E+0001  5.64523985594238E+0003  5.47210372148860E+0003  6.21583769507803E+0003  6.40541080432173E+0003  5.88428043217287E+0003  5.90384825930372E+0003
 9.21000000000000E+0001  5.19377094837935E+0003  5.35923649459784E+0003  5.75873325330132E+0003  6.09122977190876E+0003  6.33027034813926E+0003  6.20597551020408E+0003
 9.20000000000000E+0001  5.56649891956783E+0003  5.42639327731092E+0003  5.50059447779112E+0003  5.78925906362545E+0003  5.91151884753902E+0003  6.22069051620648E+0003
 9.19000000000000E+0001  5.73039903961585E+0003  6.08715966386555E+0003  5.82401152460984E+0003  6.35187322929172E+0003  6.27720240096038E+0003  6.80381176470588E+0003
 9.18000000000000E+0001  5.58277935174070E+0003  6.04332773109244E+0003  5.51577911164466E+0003  5.81790636254502E+0003  6.14915054021609E+0003  6.44016326530612E+0003
 9.17000000000000E+0001  5.79708619447779E+0003  5.57448259303722E+0003  6.26420936374550E+0003  5.78017959183674E+0003  6.50528499399760E+0003  6.66480192076831E+0003
 9.16000000000000E+0001  5.89555150060024E+0003  5.84436206482593E+0003  6.11298919567827E+0003  5.89680384153661E+0003  6.01248883553421E+0003  6.37926818727491E+0003
 9.15000000000000E+0001  6.29739639855942E+0003  5.60829579831933E+0003  6.18327683073229E+0003  6.20503625450180E+0003  6.58120816326531E+0003  6.75872749099640E+0003
 9.14000000000000E+0001  6.36377046818727E+0003  5.98039759903962E+0003  6.69798895558223E+0003  6.67075054021609E+0003  6.76404993997599E+0003  7.00528211284514E+0003
 9.13000000000000E+0001  6.45143433373349E+0003  7.03815606242497E+0003  6.35719567827131E+0003  6.77860840336134E+0003  6.50872893157263E+0003  6.77438175270108E+0003
 9.12000000000000E+0001  6.86048019207683E+0003  7.45659447779112E+0003  6.76123217286915E+0003  7.61016278511405E+0003  7.26060312124850E+0003  7.63333109243698E+0003
 9.11000000000000E+0001  6.78706170468187E+0003  7.26357743097239E+0003  7.32400288115246E+0003  7.48070204081633E+0003  7.94813829531813E+0003  7.58245474189676E+0003
 9.10000000000000E+0001  7.32729027611044E+0003  8.07540744297719E+0003  8.04597743097239E+0003  7.96347947178872E+0003  8.11986554621849E+0003  8.46191116446579E+0003
 9.09000000000000E+0001  8.22741032412965E+0003  7.73899735894358E+0003  8.81507130852341E+0003  8.68420168067227E+0003  8.86359951980792E+0003  9.63300648259304E+0003
 9.08000000000000E+0001  9.46347082833133E+0003  9.30223193277311E+0003  9.91634861944778E+0003  9.75526626650660E+0003  1.03620254501800E+0004  1.04886684273709E+0004
 9.07000000000000E+0001  1.11397291716686E+0004  1.07165944777911E+0004  1.14423260504201E+0004  1.18693743097238E+0004  1.19853723889555E+0004  1.20135500600240E+0004
 9.06000000000000E+0001  1.42424038415366E+0004  1.24022453781512E+0004  1.37553997599039E+0004  1.35216816326530E+0004  1.41721162064825E+0004  1.45741176470588E+0004
 9.05000000000000E+0001  1.55640931572629E+0004  1.49075534213685E+0004  1.61364129651861E+0004  1.60856931572629E+0004  1.71664633853541E+0004  1.69462079231693E+0004
 9.04000000000000E+0001  1.87439433373349E+0004  1.80579735894358E+0004  1.87004244897959E+0004  1.88931284513806E+0004  2.00920883553421E+0004  1.99391462184874E+0004
 9.03000000000000E+0001  2.25980225690276E+0004  2.22584816326531E+0004  2.19917330132053E+0004  2.10789330132053E+0004  2.36213416566627E+0004  2.32401603841537E+0004
 9.02000000000000E+0001  2.43927836734694E+0004  2.53278127250900E+0004  2.57374847539016E+0004  2.57820993997599E+0004  2.65117445378151E+0004  2.67656566626651E+0004
 9.01000000000000E+0001  2.78772657863145E+0004  2.70284917166867E+0004  2.88069723889556E+0004  2.93426612244898E+0004  3.02651668667467E+0004  3.12557685474190E+0004
 9.00000000000000E+0001  3.07117829531813E+0004  3.11259947178872E+0004  3.25538199279712E+0004  3.21192576230492E+0004  3.41042180072029E+0004  3.45738458583433E+0004
 8.99000000000000E+0001  3.39913507803121E+0004  3.43751932773109E+0004  3.48695548619448E+0004  3.51743433373349E+0004  3.63535788715486E+0004  3.75461205282113E+0004
 8.98000000000000E+0001  3.56802890756303E+0004  3.64385815126050E+0004  3.74600220888355E+0004  3.76254876350540E+0004  3.80174703481393E+0004  3.92244139255702E+0004
 8.97000000000000E+0001  3.76622751500600E+0004  3.52854885954382E+0004  3.77943971188475E+0004  3.93851831932773E+0004  3.99443534213685E+0004  3.99858372148860E+0004
 8.96000000000000E+0001  3.74795899159664E+0004  3.53124139255702E+0004  3.65512921968787E+0004  3.84860024009604E+0004  3.92234746698679E+0004  3.99277599039616E+0004
 8.95000000000000E+0001  3.55260945978391E+0004  3.50098170468187E+0004  3.44021186074430E+0004  3.75979361344538E+0004  3.87975222088836E+0004  3.97549368547419E+0004
 8.94000000000000E+0001  3.10009171668667E+0004  3.11151932773109E+0004  3.25184412965186E+0004  3.43471721488595E+0004  3.51984509003601E+0004  3.45974837935174E+0004
 8.93000000000000E+0001  2.70118981992797E+0004  2.67288691476591E+0004  2.71836254501801E+0004  3.06574626650660E+0004  3.13241776710684E+0004  3.00181426170468E+0004
 8.92000000000000E+0001  2.33624201680672E+0004  2.16636196878752E+0004  2.34211236494598E+0004  2.51001997599040E+0004  2.62085214885954E+0004  2.55058016806723E+0004
 8.91000000000000E+0001  1.85438818727491E+0004  1.89894021608643E+0004  1.92156062424970E+0004  2.00587447779112E+0004  2.03674468187275E+0004  2.04773397358944E+0004
 8.90000000000000E+0001  1.44820705882352E+0004  1.54224220888355E+0004  1.59825315726290E+0004  1.58569843937575E+0004  1.61761747899160E+0004  1.64844072028812E+0004
 8.89000000000000E+0001  1.21808941176470E+0004  1.15609853541416E+0004  1.26560009603841E+0004  1.30149531812725E+0004  1.33297603841536E+0004  1.36732148859543E+0004
 8.88000000000000E+0001  1.05570775510204E+0004  9.68920528211285E+0003  1.00082391356542E+0004  1.04986871548619E+0004  1.11963975990396E+0004  1.13105171668667E+0004
 8.87000000000000E+0001  8.24400384153661E+0003  7.61172821128451E+0003  8.58119663865546E+0003  8.70549147659064E+0003  9.45736566626651E+0003  9.52921872749100E+0003
 8.86000000000000E+0001  7.45095894357743E+0003  7.22741608643457E+0003  7.20503049219688E+0003  7.79300456182473E+0003  8.25637070828331E+0003  8.78564129651861E+0003
 8.85000000000000E+0001  7.00136854741897E+0003  6.84075582232893E+0003  7.00856950780312E+0003  6.68797022809124E+0003  6.87065546218487E+0003  7.14773589435774E+0003
 8.84000000000000E+0001  6.54692533013205E+0003  6.24119759903962E+0003  6.08465498199280E+0003  6.28643841536615E+0003  6.82760624249700E+0003  6.49150924369748E+0003
 8.83000000000000E+0001  6.20080960384154E+0003  6.05522496998799E+0003  6.09107322929172E+0003  6.22209939975990E+0003  6.61314285714286E+0003  6.40588043217287E+0003
 8.82000000000000E+0001  5.39805906362545E+0003  5.47899159663866E+0003  6.10610132052821E+0003  6.19032124849940E+0003  6.39523553421369E+0003  6.11001488595438E+0003
 8.81000000000000E+0001  5.48979303721489E+0003  5.22523601440576E+0003  5.33325042016807E+0003  6.14351500600240E+0003  6.09796110444178E+0003  6.23853637454982E+0003
 8.80000000000000E+0001  5.95002833133253E+0003  5.20926866746699E+0003  5.43140264105642E+0003  6.12880000000000E+0003  6.09263865546218E+0003  6.18609459783914E+0003
 8.79000000000000E+0001  6.12582569027611E+0003  5.27877358943577E+0003  5.78096230492197E+0003  5.87175702280912E+0003  5.81821944777911E+0003  5.73102521008403E+0003
 8.78000000000000E+0001  5.77877070828331E+0003  5.79896470588235E+0003  5.53331188475390E+0003  6.07870636254502E+0003  6.06477406962785E+0003  6.09373445378151E+0003
 8.77000000000000E+0001  5.11737815126050E+0003  5.94188811524610E+0003  5.84874525810324E+0003  5.52016230492197E+0003  6.11925090036014E+0003  6.11392845138055E+0003
 8.76000000000000E+0001  5.35782761104442E+0003  6.14633277310924E+0003  6.28346410564226E+0003  6.24620696278511E+0003  6.19392172869148E+0003  5.91104921968787E+0003
 8.75000000000000E+0001  5.83387370948379E+0003  6.12457334933974E+0003  6.35187322929172E+0003  6.46505354141657E+0003  6.90102472989196E+0003  7.02140600240096E+0003
 8.74000000000000E+0001  7.02375414165666E+0003  6.90791260504202E+0003  6.84200816326531E+0003  7.06429867947179E+0003  7.19297671068427E+0003  7.02845042016807E+0003
 8.73000000000000E+0001  7.84857719087635E+0003  7.56836590636255E+0003  7.60186602641056E+0003  8.32540600240096E+0003  8.82649891956783E+0003  7.74932917166867E+0003
 8.72000000000000E+0001  8.76043793517407E+0003  9.05990396158463E+0003  9.06976614645858E+0003  9.07164465786315E+0003  9.22161248499400E+0003  9.48523025210084E+0003
 8.71000000000000E+0001  9.78156542617047E+0003  9.90069435774310E+0003  1.02964340936374E+0004  1.02144057623049E+0004  1.06799635054021E+0004  1.12986199279711E+0004
 8.70000000000000E+0001  1.17968950780312E+0004  1.15055692677070E+0004  1.16693128451380E+0004  1.22655836734693E+0004  1.25606665066026E+0004  1.36523947178871E+0004
 8.69000000000000E+0001  1.40371764705882E+0004  1.44928720288115E+0004  1.49919298919567E+0004  1.47370785114045E+0004  1.59150617046818E+0004  1.62068571428571E+0004
 8.68000000000000E+0001  1.61074525810324E+0004  1.71105776710684E+0004  1.84427553421369E+0004  1.81929133253301E+0004  1.98472557022809E+0004  1.87199923169268E+0004
 8.67000000000000E+0001  1.97514516206483E+0004  2.07201373349340E+0004  2.17033815126050E+0004  2.26319923169268E+0004  2.37107274909964E+0004  2.24344355342137E+0004
 8.66000000000000E+0001  2.60516657863145E+0004  2.52445320528211E+0004  2.57575222088836E+0004  2.59586794717887E+0004  2.75433603841537E+0004  2.79306468187275E+0004
 8.65000000000000E+0001  3.02050545018007E+0004  2.86945747899160E+0004  2.92999250900360E+0004  3.12822242496999E+0004  3.25796494597839E+0004  3.25037262905162E+0004
 8.64000000000000E+0001  3.40165541416567E+0004  3.32208480192077E+0004  3.37811140456182E+0004  3.54968211284514E+0004  3.76031020408163E+0004  3.71023222088836E+0004
 8.63000000000000E+0001  3.87876600240096E+0004  3.73985008403361E+0004  3.95220014405762E+0004  4.04327663865546E+0004  4.21126252100840E+0004  4.09678290516206E+0004
 8.62000000000000E+0001  4.06306362545018E+0004  4.05021147659064E+0004  4.28001603841537E+0004  4.17975049219688E+0004  4.51113555822329E+0004  4.53162698679472E+0004
 8.61000000000000E+0001  4.24828484993998E+0004  4.30454626650660E+0004  4.41237282112845E+0004  4.37552268907563E+0004  4.80145949579832E+0004  4.75775279711885E+0004
 8.60000000000000E+0001  4.32168768307323E+0004  4.28079875150060E+0004  4.64095635054022E+0004  4.68790348139256E+0004  4.94735721488595E+0004  4.90717272509004E+0004
 8.59000000000000E+0001  4.33291178871549E+0004  4.22779342136855E+0004  4.41129267707083E+0004  4.60474804321729E+0004  4.76295001200480E+0004  4.78187601440576E+0004
 8.58000000000000E+0001  3.98457315726291E+0004  3.90544086434574E+0004  4.04113200480192E+0004  4.38637109243697E+0004  4.45258861944778E+0004  4.49396283313325E+0004
 8.57000000000000E+0001  3.68765877551020E+0004  3.59496989195678E+0004  3.66494444177671E+0004  3.86387879951981E+0004  3.94697162064826E+0004  3.96500533013205E+0004
 8.56000000000000E+0001  2.92847404561825E+0004  3.15805944777911E+0004  3.07881757503001E+0004  3.29431414165666E+0004  3.36444523409364E+0004  3.43188379351741E+0004
 8.55000000000000E+0001  2.42889959183673E+0004  2.42382761104442E+0004  2.54309743097239E+0004  2.67996264105642E+0004  2.77056950780312E+0004  2.87999279711885E+0004
 8.54000000000000E+0001  1.91957253301321E+0004  1.84170823529412E+0004  1.98015452581032E+0004  2.09596475390156E+0004  2.12146554621849E+0004  2.22008739495798E+0004
 8.53000000000000E+0001  1.49542031212485E+0004  1.59476225690276E+0004  1.50528249699880E+0004  1.56758645858343E+0004  1.56760211284513E+0004  1.69252312124850E+0004
 8.52000000000000E+0001  1.22195601440576E+0004  1.16240720288115E+0004  1.20904124849940E+0004  1.27425690276110E+0004  1.29974204081632E+0004  1.26776038415366E+0004
 8.51000000000000E+0001  8.57164753901561E+0003  8.40586890756302E+0003  9.64646914765906E+0003  9.68857911164466E+0003  9.93450756302521E+0003  9.60545498199280E+0003
 8.50000000000000E+0001  6.80177671068427E+0003  6.80271596638656E+0003  7.39084657863145E+0003  7.92653541416567E+0003  7.66886626650660E+0003  7.83996734693878E+0003
 8.49000000000000E+0001  5.64304825930372E+0003  5.93327827130852E+0003  6.06007779111645E+0003  6.26702713085234E+0003  6.55850948379352E+0003  7.34779735894358E+0003
 8.48000000000000E+0001  5.41715726290516E+0003  5.41590492196879E+0003  5.38757070828331E+0003  5.52564129651861E+0003  5.63600384153661E+0003  5.63913469387755E+0003
 8.47000000000000E+0001  4.58388091236495E+0003  4.73494453781513E+0003  4.82245186074430E+0003  4.46146458583433E+0003  4.81431164465786E+0003  4.93704105642257E+0003
 8.46000000000000E+0001  4.73995390156062E+0003  4.30288691476591E+0003  4.75059879951981E+0003  4.47085714285714E+0003  4.29427707082833E+0003  4.78300312124850E+0003
 8.45000000000000E+0001  3.73761152460984E+0003  3.81823097238896E+0003  4.32699447779112E+0003  4.24762737094838E+0003  4.50811428571429E+0003  4.85861320528211E+0003
 8.44000000000000E+0001  4.02345834333734E+0003  3.79881968787515E+0003  3.96052821128451E+0003  4.04240000000000E+0003  3.91920096038415E+0003  4.13319471788716E+0003
 8.43000000000000E+0001  3.90761680672269E+0003  3.61535174069628E+0003  3.85611428571429E+0003  4.33685666266507E+0003  3.92405378151260E+0003  4.13303817527011E+0003
 8.42000000000000E+0001  3.83983385354142E+0003  3.77784297719088E+0003  3.39963601440576E+0003  4.09546794717887E+0003  3.78128691476591E+0003  3.79302761104442E+0003
 8.41000000000000E+0001  3.48495174069628E+0003  3.44675534213685E+0003  3.36269195678271E+0003  3.54443793517407E+0003  3.83278943577431E+0003  4.05304489795918E+0003
 8.40000000000000E+0001  3.51312941176471E+0003  3.64838223289316E+0003  3.46240960384154E+0003  3.88288307322929E+0003  3.95238799519808E+0003  3.87333397358944E+0003
 8.39000000000000E+0001  3.65182617046819E+0003  3.20176614645858E+0003  3.31432028811525E+0003  3.76469339735894E+0003  3.55586554621849E+0003  3.79709771908764E+0003
 8.38000000000000E+0001  3.70833805522209E+0003  3.45583481392557E+0003  3.25092052821128E+0003  3.10424009603842E+0003  3.32934837935174E+0003  3.55617863145258E+0003
 8.37000000000000E+0001  3.25467755102041E+0003  3.27581080432173E+0003  3.00092196878752E+0003  3.68610900360144E+0003  3.34891620648259E+0003  3.89618919567827E+0003
 8.36000000000000E+0001  3.44785114045618E+0003  3.36566626650660E+0003  3.28520336134454E+0003  3.21569843937575E+0003  3.51672989195678E+0003  3.57480720288115E+0003
 8.35000000000000E+0001  3.17311884753902E+0003  3.47962929171669E+0003  3.12866074429772E+0003  3.46006146458583E+0003  3.56040528211285E+0003  3.68203889555822E+0003
 8.34000000000000E+0001  2.99325138055222E+0003  3.02487298919568E+0003  2.98401536614646E+0003  3.15824729891957E+0003  3.45098199279712E+0003  3.78974021608643E+0003
 8.33000000000000E+0001  2.87584441776711E+0003  2.85032797118848E+0003  3.06385210084034E+0003  3.25906074429772E+0003  3.38946074429772E+0003  3.55899639855942E+0003
 8.32000000000000E+0001  3.83419831932773E+0003  3.72868859543818E+0003  3.31964273709484E+0003  3.44706842737095E+0003  3.08858583433373E+0003  3.38257286914766E+0003
 8.31000000000000E+0001  3.44832076830732E+0003  3.10330084033613E+0003  3.55148235294118E+0003  3.16873565426170E+0003  3.31588571428571E+0003  3.41685570228091E+0003
 8.30000000000000E+0001  3.18219831932773E+0003  3.13476590636255E+0003  3.13038271308523E+0003  3.09109051620648E+0003  3.24450228091237E+0003  3.56588427370948E+0003
 8.29000000000000E+0001  3.54960384153661E+0003  3.15981272509004E+0003  3.12255558223289E+0003  3.35298631452581E+0003  3.34061944777911E+0003  3.30273613445378E+0003
 8.28000000000000E+0001  3.62771860744298E+0003  2.92969507803121E+0003  2.99121632653061E+0003  3.61597791116447E+0003  3.33232268907563E+0003  3.31901656662665E+0003
 8.27000000000000E+0001  2.93392172869148E+0003  3.16356974789916E+0003  3.13069579831933E+0003  3.11785930372149E+0003  3.19879183673469E+0003  3.36535318127251E+0003
 8.26000000000000E+0001  3.08827274909964E+0003  3.23792749099640E+0003  3.39368739495798E+0003  3.21444609843938E+0003  2.75483697478992E+0003  3.15026362545018E+0003
 8.25000000000000E+0001  2.78786746698679E+0003  3.10095270108043E+0003  2.69394189675870E+0003  3.27628043217287E+0003  3.26751404561825E+0003  2.95395918367347E+0003
 8.24000000000000E+0001  3.24732004801921E+0003  3.00514861944778E+0003  3.04522352941176E+0003  3.08341992797119E+0003  3.52205234093637E+0003  3.25843457382953E+0003
 8.23000000000000E+0001  3.22634333733493E+0003  2.94378391356543E+0003  3.10784057623049E+0003  3.49324849939976E+0003  3.43172725090036E+0003  3.50185834333734E+0003
 8.22000000000000E+0001  3.10330084033613E+0003  3.22289939975990E+0003  3.02800384153661E+0003  3.51610372148860E+0003  3.56995438175270E+0003  3.51939111644658E+0003
 8.21000000000000E+0001  3.12380792316927E+0003  2.68501896758703E+0003  3.24700696278511E+0003  2.90809219687875E+0003  3.69143145258103E+0003  3.94205618247299E+0003
 8.20000000000000E+0001  3.22368211284514E+0003  3.06197358943577E+0003  3.04757166866747E+0003  3.01469771908764E+0003  3.38225978391357E+0003  3.50044945978391E+0003

