[Info]
Number of Regions=0001
Version=1.3.1

[Region 1]
Region Name=Au 4f 4K long
Dimension 1 name=Binding Energy [eV]
Dimension 1 size=121
Dimension 1 scale=94.00000 93.90000 93.80000 93.70000 93.60000 93.50000 93.40000 93.30000 93.20000 93.10000 93.00000 92.90000 92.80000 92.70000 92.60000 92.50000 92.40000 92.30000 92.20000 92.10000 92.00000 91.90000 91.80000 91.70000 91.60000 91.50000 91.40000 91.30000 91.20000 91.10000 91.00000 90.90000 90.80000 90.70000 90.60000 90.50000 90.40000 90.30000 90.20000 90.10000 90.00000 89.90000 89.80000 89.70000 89.60000 89.50000 89.40000 89.30000 89.20000 89.10000 89.00000 88.90000 88.80000 88.70000 88.60000 88.50000 88.40000 88.30000 88.20000 88.10000 88.00000 87.90000 87.80000 87.70000 87.60000 87.50000 87.40000 87.30000 87.20000 87.10000 87.00000 86.90000 86.80000 86.70000 86.60000 86.50000 86.40000 86.30000 86.20000 86.10000 86.00000 85.90000 85.80000 85.70000 85.60000 85.50000 85.40000 85.30000 85.20000 85.10000 85.00000 84.90000 84.80000 84.70000 84.60000 84.50000 84.40000 84.30000 84.20000 84.10000 84.00000 83.90000 83.80000 83.70000 83.60000 83.50000 83.40000 83.30000 83.20000 83.10000 83.00000 82.90000 82.80000 82.70000 82.60000 82.50000 82.40000 82.30000 82.20000 82.10000 82.00000

[Info 1]
Region Name=Au 4f 4K long
Excitation Energy=4000
Energy Scale=Binding
Acquisition Mode=Swept
Center Energy=88
Low Energy=82
High Energy=94
Energy Step=0.1
Step Time=200
Detector First X-Channel=1
Detector Last X-Channel=1064
Detector First Y-Channel=1
Detector Last Y-Channel=1000
Number of Slices=1
Lens Mode=X6_25012013
Pass Energy=200
Number of Sweeps=1
File=D:\Data\BL data\sample1.pxt,.txt
Sequence=D:\Data\BL data\2014\July\Jet.seq
Spectrum Name=Au 4f 4K long
Instrument=HiPPHAXPES-4EH002
Location=931
User=Matthias
Sample=Au foil
Comments=
Date=9/9/2014
Time=1:36:22 PM
Time per Spectrum Channel=34.4

[Run Mode Information 1]


[Data 1]
 9.40000000000000E+0001  3.70520720288115E+0003
 9.39000000000000E+0001  3.71146890756303E+0003
 9.38000000000000E+0001  4.00107274909964E+0003
 9.37000000000000E+0001  3.81134309723890E+0003
 9.36000000000000E+0001  4.37427034813926E+0003
 9.35000000000000E+0001  4.24058295318127E+0003
 9.34000000000000E+0001  4.42545978391357E+0003
 9.33000000000000E+0001  4.91935174069628E+0003
 9.32000000000000E+0001  4.58482016806723E+0003
 9.31000000000000E+0001  4.84452436974790E+0003
 9.30000000000000E+0001  4.58137623049220E+0003
 9.29000000000000E+0001  4.65135078031212E+0003
 9.28000000000000E+0001  4.44706266506603E+0003
 9.27000000000000E+0001  4.22289363745498E+0003
 9.26000000000000E+0001  4.34938007202881E+0003
 9.25000000000000E+0001  4.78096806722689E+0003
 9.24000000000000E+0001  4.47007442977191E+0003
 9.23000000000000E+0001  4.75044225690276E+0003
 9.22000000000000E+0001  4.32245474189676E+0003
 9.21000000000000E+0001  4.56306074429772E+0003
 9.20000000000000E+0001  4.63475726290516E+0003
 9.19000000000000E+0001  4.41184057623049E+0003
 9.18000000000000E+0001  4.62599087635054E+0003
 9.17000000000000E+0001  4.84248931572629E+0003
 9.16000000000000E+0001  5.18719615846339E+0003
 9.15000000000000E+0001  4.60329219687875E+0003
 9.14000000000000E+0001  5.37817815126050E+0003
 9.13000000000000E+0001  5.17295078031213E+0003
 9.12000000000000E+0001  5.24042064825930E+0003
 9.11000000000000E+0001  5.44705690276110E+0003
 9.10000000000000E+0001  6.06649603841537E+0003
 9.09000000000000E+0001  7.02782424969988E+0003
 9.08000000000000E+0001  7.85969171668668E+0003
 9.07000000000000E+0001  8.75934213685474E+0003
 9.06000000000000E+0001  1.05082362545018E+0004
 9.05000000000000E+0001  1.25966713085234E+0004
 9.04000000000000E+0001  1.44861406962785E+0004
 9.03000000000000E+0001  1.70891313325330E+0004
 9.02000000000000E+0001  1.99764033613445E+0004
 9.01000000000000E+0001  2.24760758703481E+0004
 9.00000000000000E+0001  2.62046079231693E+0004
 8.99000000000000E+0001  2.72432681872749E+0004
 8.98000000000000E+0001  2.97715879951981E+0004
 8.97000000000000E+0001  3.09561459783914E+0004
 8.96000000000000E+0001  3.03781906362545E+0004
 8.95000000000000E+0001  2.92667380552221E+0004
 8.94000000000000E+0001  2.70709147659064E+0004
 8.93000000000000E+0001  2.31478002400960E+0004
 8.92000000000000E+0001  1.81166770708283E+0004
 8.91000000000000E+0001  1.56284321728691E+0004
 8.90000000000000E+0001  1.28227188475390E+0004
 8.89000000000000E+0001  9.57195486194478E+0003
 8.88000000000000E+0001  8.24369075630252E+0003
 8.87000000000000E+0001  6.60688115246098E+0003
 8.86000000000000E+0001  6.07651476590636E+0003
 8.85000000000000E+0001  5.12160480192077E+0003
 8.84000000000000E+0001  5.43782088835534E+0003
 8.83000000000000E+0001  4.57151404561825E+0003
 8.82000000000000E+0001  5.02799231692677E+0003
 8.81000000000000E+0001  5.16715870348139E+0003
 8.80000000000000E+0001  4.49793901560624E+0003
 8.79000000000000E+0001  4.47602304921969E+0003
 8.78000000000000E+0001  4.44033133253301E+0003
 8.77000000000000E+0001  4.50748811524610E+0003
 8.76000000000000E+0001  4.76640960384154E+0003
 8.75000000000000E+0001  5.53926050420168E+0003
 8.74000000000000E+0001  5.94736710684274E+0003
 8.73000000000000E+0001  6.42936182472989E+0003
 8.72000000000000E+0001  7.36439087635054E+0003
 8.71000000000000E+0001  8.12111788715486E+0003
 8.70000000000000E+0001  1.02162842737094E+0004
 8.69000000000000E+0001  1.21235995198079E+0004
 8.68000000000000E+0001  1.41505133253301E+0004
 8.67000000000000E+0001  1.72859054021609E+0004
 8.66000000000000E+0001  2.12509733493397E+0004
 8.65000000000000E+0001  2.50147274909964E+0004
 8.64000000000000E+0001  2.77044427370948E+0004
 8.63000000000000E+0001  3.06308504201681E+0004
 8.62000000000000E+0001  3.36137699879952E+0004
 8.61000000000000E+0001  3.59874256902761E+0004
 8.60000000000000E+0001  3.62067418967587E+0004
 8.59000000000000E+0001  3.63664153661465E+0004
 8.58000000000000E+0001  3.32369719087635E+0004
 8.57000000000000E+0001  3.02218045618247E+0004
 8.56000000000000E+0001  2.48990424969988E+0004
 8.55000000000000E+0001  2.06667563025210E+0004
 8.54000000000000E+0001  1.59977162064825E+0004
 8.53000000000000E+0001  1.29006770708283E+0004
 8.52000000000000E+0001  9.35483025210084E+0003
 8.51000000000000E+0001  7.50606194477791E+0003
 8.50000000000000E+0001  6.39570516206483E+0003
 8.49000000000000E+0001  5.28738343337335E+0003
 8.48000000000000E+0001  4.59170804321729E+0003
 8.47000000000000E+0001  3.81337815126050E+0003
 8.46000000000000E+0001  3.41529027611044E+0003
 8.45000000000000E+0001  3.29193469387755E+0003
 8.44000000000000E+0001  3.01720240096038E+0003
 8.43000000000000E+0001  3.30790204081633E+0003
 8.42000000000000E+0001  2.90026506602641E+0003
 8.41000000000000E+0001  2.94394045618247E+0003
 8.40000000000000E+0001  2.62271500600240E+0003
 8.39000000000000E+0001  2.70850036014406E+0003
 8.38000000000000E+0001  3.11519807923169E+0003
 8.37000000000000E+0001  2.68846290516207E+0003
 8.36000000000000E+0001  2.38664873949580E+0003
 8.35000000000000E+0001  2.30540312124850E+0003
 8.34000000000000E+0001  2.83232557022809E+0003
 8.33000000000000E+0001  2.51000432172869E+0003
 8.32000000000000E+0001  2.45333589435774E+0003
 8.31000000000000E+0001  2.37772581032413E+0003
 8.30000000000000E+0001  2.41733109243697E+0003
 8.29000000000000E+0001  2.29851524609844E+0003
 8.28000000000000E+0001  2.40433805522209E+0003
 8.27000000000000E+0001  2.60346026410564E+0003
 8.26000000000000E+0001  2.61410516206483E+0003
 8.25000000000000E+0001  2.68032268907563E+0003
 8.24000000000000E+0001  2.57199519807923E+0003
 8.23000000000000E+0001  2.30869051620648E+0003
 8.22000000000000E+0001  2.23417623049220E+0003
 8.21000000000000E+0001  2.61629675870348E+0003
 8.20000000000000E+0001  2.61739255702281E+0003

