Comment : 
Probe   : 
FileName: B54CIS01.DAT
Fileform:      7
Date    : 14.05.99  11:57:22
Program : EMP
Version :       3.1
MeasTime:      0.0000
ScanTime:    948.6785
MeasTyp : CFS
Analys. :      1
Scans   :      1
Points  :    801
MonSta  :    270.0000
MonEnd  :    350.0000
AnaSta  :    200.0000
AnaEnd  :    600.0000
AnaRange:   1000.0000
AnaMin  :    100.0000
DACsta  :      0.0000
DACend  :     10.0000
DeltaE  :      0.0248
MonSpeed:    500.0000
ScanCtrl: ENERGY
DelayVal:      0.0000
SecMeas : FALSE
ChanType: MEASURE , MEASURE
Devices :        DMM1 , TIME: 5.00000E-02 , MODE:1 , RANGE:3 , AVERAGE:20 , TRIGGER:1
             COUNTER1 , TIME: 1.00000E-03 , MODE:0 , RANGE:0 , AVERAGE:1 , TRIGGER:2
DATAVALUE:
BEGIN:
 2.70000E+02  7.02300E-01  0.00000E+00 
 2.70100E+02  6.91462E-01  0.00000E+00 
 2.70200E+02  6.89425E-01  0.00000E+00 
 2.70299E+02  6.91650E-01  0.00000E+00 
 2.70399E+02  6.87662E-01  0.00000E+00 
 2.70500E+02  6.84275E-01  0.00000E+00 
 2.70600E+02  6.82962E-01  0.00000E+00 
 2.70700E+02  6.85212E-01  0.00000E+00 
 2.70799E+02  6.83625E-01  0.00000E+00 
 2.70899E+02  6.79450E-01  0.00000E+00 
 2.71000E+02  6.88950E-01  0.00000E+00 
 2.71100E+02  6.77787E-01  0.00000E+00 
 2.71200E+02  6.74587E-01  0.00000E+00 
 2.71299E+02  6.76312E-01  0.00000E+00 
 2.71399E+02  6.72775E-01  0.00000E+00 
 2.71500E+02  6.70825E-01  0.00000E+00 
 2.71600E+02  6.68450E-01  0.00000E+00 
 2.71700E+02  6.67137E-01  0.00000E+00 
 2.71799E+02  6.67637E-01  0.00000E+00 
 2.71899E+02  6.64137E-01  0.00000E+00 
 2.72000E+02  6.63200E-01  0.00000E+00 
 2.72100E+02  6.60262E-01  0.00000E+00 
 2.72200E+02  6.60237E-01  0.00000E+00 
 2.72299E+02  6.60762E-01  0.00000E+00 
 2.72399E+02  6.55925E-01  0.00000E+00 
 2.72500E+02  6.54750E-01  0.00000E+00 
 2.72600E+02  6.51737E-01  0.00000E+00 
 2.72700E+02  6.53462E-01  0.00000E+00 
 2.72799E+02  6.52962E-01  0.00000E+00 
 2.72899E+02  6.48512E-01  0.00000E+00 
 2.73000E+02  6.47800E-01  0.00000E+00 
 2.73100E+02  6.44937E-01  0.00000E+00 
 2.73200E+02  6.43612E-01  0.00000E+00 
 2.73299E+02  6.44850E-01  0.00000E+00 
 2.73399E+02  6.39987E-01  0.00000E+00 
 2.73500E+02  6.38812E-01  0.00000E+00 
 2.73600E+02  6.36650E-01  0.00000E+00 
 2.73700E+02  6.35400E-01  0.00000E+00 
 2.73799E+02  6.37012E-01  0.00000E+00 
 2.73899E+02  6.33462E-01  0.00000E+00 
 2.74000E+02  6.31687E-01  0.00000E+00 
 2.74100E+02  6.28487E-01  0.00000E+00 
 2.74200E+02  6.26725E-01  0.00000E+00 
 2.74299E+02  6.28962E-01  0.00000E+00 
 2.74399E+02  6.24375E-01  0.00000E+00 
 2.74500E+02  6.23562E-01  0.00000E+00 
 2.74600E+02  6.20537E-01  0.00000E+00 
 2.74700E+02  6.17487E-01  0.00000E+00 
 2.74799E+02  6.17175E-01  0.00000E+00 
 2.74899E+02  6.15187E-01  0.00000E+00 
 2.75000E+02  6.14675E-01  0.00000E+00 
 2.75100E+02  6.11925E-01  0.00000E+00 
 2.75200E+02  6.08187E-01  0.00000E+00 
 2.75299E+02  6.10337E-01  0.00000E+00 
 2.75399E+02  6.08112E-01  0.00000E+00 
 2.75500E+02  6.06650E-01  0.00000E+00 
 2.75600E+02  6.07875E-01  0.00000E+00 
 2.75700E+02  6.02175E-01  0.00000E+00 
 2.75799E+02  6.01612E-01  0.00000E+00 
 2.75899E+02  5.99712E-01  0.00000E+00 
 2.76000E+02  5.97212E-01  0.00000E+00 
 2.76100E+02  6.00000E-01  0.00000E+00 
 2.76200E+02  5.94750E-01  0.00000E+00 
 2.76299E+02  5.94237E-01  0.00000E+00 
 2.76399E+02  5.91162E-01  0.00000E+00 
 2.76500E+02  5.89062E-01  0.00000E+00 
 2.76600E+02  5.91050E-01  0.00000E+00 
 2.76700E+02  5.86500E-01  0.00000E+00 
 2.76799E+02  5.84987E-01  0.00000E+00 
 2.76899E+02  5.82650E-01  0.00000E+00 
 2.77000E+02  5.80750E-01  0.00000E+00 
 2.77100E+02  5.80487E-01  0.00000E+00 
 2.77200E+02  5.79550E-01  0.00000E+00 
 2.77299E+02  5.77350E-01  0.00000E+00 
 2.77399E+02  5.78887E-01  0.00000E+00 
 2.77500E+02  5.73462E-01  0.00000E+00 
 2.77600E+02  5.72612E-01  0.00000E+00 
 2.77700E+02  5.69487E-01  0.00000E+00 
 2.77799E+02  5.67675E-01  0.00000E+00 
 2.77899E+02  5.70100E-01  0.00000E+00 
 2.78000E+02  5.64500E-01  0.00000E+00 
 2.78100E+02  5.63825E-01  0.00000E+00 
 2.78200E+02  5.61662E-01  0.00000E+00 
 2.78299E+02  5.59600E-01  0.00000E+00 
 2.78399E+02  5.59862E-01  0.00000E+00 
 2.78500E+02  5.57387E-01  0.00000E+00 
 2.78600E+02  5.55437E-01  0.00000E+00 
 2.78700E+02  5.55825E-01  0.00000E+00 
 2.78799E+02  5.51200E-01  0.00000E+00 
 2.78899E+02  5.50025E-01  0.00000E+00 
 2.79000E+02  5.47587E-01  0.00000E+00 
 2.79100E+02  5.44100E-01  0.00000E+00 
 2.79200E+02  5.43912E-01  0.00000E+00 
 2.79299E+02  5.41162E-01  0.00000E+00 
 2.79399E+02  5.40850E-01  0.00000E+00 
 2.79500E+02  5.41800E-01  0.00000E+00 
 2.79600E+02  5.37000E-01  0.00000E+00 
 2.79700E+02  5.35625E-01  0.00000E+00 
 2.79799E+02  5.33362E-01  0.00000E+00 
 2.79899E+02  5.30887E-01  0.00000E+00 
 2.80000E+02  5.33100E-01  0.00000E+00 
 2.80100E+02  5.27512E-01  0.00000E+00 
 2.80200E+02  5.26325E-01  0.00000E+00 
 2.80299E+02  5.26925E-01  0.00000E+00 
 2.80399E+02  5.21087E-01  0.00000E+00 
 2.80500E+02  5.20862E-01  0.00000E+00 
 2.80600E+02  5.17562E-01  0.00000E+00 
 2.80700E+02  5.14525E-01  0.00000E+00 
 2.80799E+02  5.16925E-01  0.00000E+00 
 2.80899E+02  5.11875E-01  0.00000E+00 
 2.81000E+02  5.09700E-01  0.00000E+00 
 2.81100E+02  5.10687E-01  0.00000E+00 
 2.81200E+02  5.05075E-01  0.00000E+00 
 2.81299E+02  5.03475E-01  0.00000E+00 
 2.81399E+02  4.93712E-01  0.00000E+00 
 2.81500E+02  4.99087E-01  0.00000E+00 
 2.81600E+02  5.00450E-01  0.00000E+00 
 2.81700E+02  4.94687E-01  0.00000E+00 
 2.81799E+02  4.99262E-01  0.00000E+00 
 2.81899E+02  4.93375E-01  0.00000E+00 
 2.82000E+02  4.86812E-01  0.00000E+00 
 2.82100E+02  4.84787E-01  0.00000E+00 
 2.82200E+02  4.69437E-01  0.00000E+00 
 2.82299E+02  4.79287E-01  0.00000E+00 
 2.82399E+02  4.78500E-01  0.00000E+00 
 2.82500E+02  4.75325E-01  0.00000E+00 
 2.82600E+02  4.74037E-01  0.00000E+00 
 2.82700E+02  4.74037E-01  0.00000E+00 
 2.82799E+02  4.67837E-01  0.00000E+00 
 2.82899E+02  4.65575E-01  0.00000E+00 
 2.83000E+02  4.61650E-01  0.00000E+00 
 2.83100E+02  4.57225E-01  0.00000E+00 
 2.83200E+02  4.56375E-01  0.00000E+00 
 2.83299E+02  4.53900E-01  0.00000E+00 
 2.83399E+02  4.51075E-01  0.00000E+00 
 2.83500E+02  4.51212E-01  0.00000E+00 
 2.83600E+02  4.45400E-01  0.00000E+00 
 2.83700E+02  4.43337E-01  0.00000E+00 
 2.83799E+02  4.40162E-01  0.00000E+00 
 2.83899E+02  4.37750E-01  0.00000E+00 
 2.84000E+02  4.37700E-01  0.00000E+00 
 2.84100E+02  4.36187E-01  0.00000E+00 
 2.84200E+02  4.35187E-01  0.00000E+00 
 2.84299E+02  4.35912E-01  0.00000E+00 
 2.84399E+02  4.35250E-01  0.00000E+00 
 2.84500E+02  4.36775E-01  0.00000E+00 
 2.84600E+02  4.40300E-01  0.00000E+00 
 2.84700E+02  4.39362E-01  0.00000E+00 
 2.84799E+02  4.43087E-01  0.00000E+00 
 2.84899E+02  4.48387E-01  0.00000E+00 
 2.85000E+02  4.55687E-01  0.00000E+00 
 2.85100E+02  4.71062E-01  0.00000E+00 
 2.85200E+02  4.86337E-01  0.00000E+00 
 2.85299E+02  5.10412E-01  0.00000E+00 
 2.85399E+02  5.37925E-01  0.00000E+00 
 2.85500E+02  5.61650E-01  0.00000E+00 
 2.85600E+02  6.00312E-01  0.00000E+00 
 2.85700E+02  6.60475E-01  0.00000E+00 
 2.85799E+02  7.16000E-01  0.00000E+00 
 2.85899E+02  7.75700E-01  0.00000E+00 
 2.86000E+02  8.37837E-01  0.00000E+00 
 2.86100E+02  9.10400E-01  0.00000E+00 
 2.86200E+02  9.74800E-01  0.00000E+00 
 2.86299E+02  1.02885E+00  0.00000E+00 
 2.86399E+02  1.05906E+00  0.00000E+00 
 2.86500E+02  1.09257E+00  0.00000E+00 
 2.86600E+02  1.08937E+00  0.00000E+00 
 2.86700E+02  1.08205E+00  0.00000E+00 
 2.86799E+02  1.05323E+00  0.00000E+00 
 2.86899E+02  1.01821E+00  0.00000E+00 
 2.87000E+02  9.73400E-01  0.00000E+00 
 2.87100E+02  9.18250E-01  0.00000E+00 
 2.87200E+02  8.79312E-01  0.00000E+00 
 2.87299E+02  8.44137E-01  0.00000E+00 
 2.87399E+02  7.82125E-01  0.00000E+00 
 2.87500E+02  7.55062E-01  0.00000E+00 
 2.87600E+02  7.24987E-01  0.00000E+00 
 2.87700E+02  6.91700E-01  0.00000E+00 
 2.87799E+02  6.85525E-01  0.00000E+00 
 2.87899E+02  6.87212E-01  0.00000E+00 
 2.88000E+02  6.65662E-01  0.00000E+00 
 2.88100E+02  6.62325E-01  0.00000E+00 
 2.88200E+02  6.65462E-01  0.00000E+00 
 2.88299E+02  6.68000E-01  0.00000E+00 
 2.88399E+02  6.75125E-01  0.00000E+00 
 2.88500E+02  6.80712E-01  0.00000E+00 
 2.88600E+02  6.89212E-01  0.00000E+00 
 2.88700E+02  6.99712E-01  0.00000E+00 
 2.88799E+02  7.08775E-01  0.00000E+00 
 2.88899E+02  7.19575E-01  0.00000E+00 
 2.89000E+02  7.34175E-01  0.00000E+00 
 2.89100E+02  7.45550E-01  0.00000E+00 
 2.89200E+02  7.57125E-01  0.00000E+00 
 2.89299E+02  7.75462E-01  0.00000E+00 
 2.89399E+02  7.84012E-01  0.00000E+00 
 2.89500E+02  7.96675E-01  0.00000E+00 
 2.89600E+02  8.09962E-01  0.00000E+00 
 2.89700E+02  8.17262E-01  0.00000E+00 
 2.89799E+02  8.25137E-01  0.00000E+00 
 2.89899E+02  8.32412E-01  0.00000E+00 
 2.90000E+02  8.30675E-01  0.00000E+00 
 2.90100E+02  8.28225E-01  0.00000E+00 
 2.90200E+02  8.21950E-01  0.00000E+00 
 2.90299E+02  8.13262E-01  0.00000E+00 
 2.90399E+02  8.03200E-01  0.00000E+00 
 2.90500E+02  7.88962E-01  0.00000E+00 
 2.90600E+02  7.71487E-01  0.00000E+00 
 2.90700E+02  7.57775E-01  0.00000E+00 
 2.90799E+02  7.38712E-01  0.00000E+00 
 2.90899E+02  7.19862E-01  0.00000E+00 
 2.91000E+02  7.02487E-01  0.00000E+00 
 2.91100E+02  6.84300E-01  0.00000E+00 
 2.91200E+02  6.65325E-01  0.00000E+00 
 2.91299E+02  6.50137E-01  0.00000E+00 
 2.91399E+02  6.28362E-01  0.00000E+00 
 2.91500E+02  6.12062E-01  0.00000E+00 
 2.91600E+02  5.97625E-01  0.00000E+00 
 2.91700E+02  5.80462E-01  0.00000E+00 
 2.91799E+02  5.66387E-01  0.00000E+00 
 2.91899E+02  5.57187E-01  0.00000E+00 
 2.92000E+02  5.43450E-01  0.00000E+00 
 2.92100E+02  5.37200E-01  0.00000E+00 
 2.92200E+02  5.30312E-01  0.00000E+00 
 2.92299E+02  5.24937E-01  0.00000E+00 
 2.92399E+02  5.24287E-01  0.00000E+00 
 2.92500E+02  5.24675E-01  0.00000E+00 
 2.92600E+02  5.26787E-01  0.00000E+00 
 2.92700E+02  5.32837E-01  0.00000E+00 
 2.92799E+02  5.37712E-01  0.00000E+00 
 2.92899E+02  5.43050E-01  0.00000E+00 
 2.93000E+02  5.55425E-01  0.00000E+00 
 2.93100E+02  5.64312E-01  0.00000E+00 
 2.93200E+02  5.75375E-01  0.00000E+00 
 2.93299E+02  5.90037E-01  0.00000E+00 
 2.93399E+02  6.03200E-01  0.00000E+00 
 2.93500E+02  6.16650E-01  0.00000E+00 
 2.93600E+02  6.29037E-01  0.00000E+00 
 2.93700E+02  6.42162E-01  0.00000E+00 
 2.93799E+02  6.56125E-01  0.00000E+00 
 2.93899E+02  6.71912E-01  0.00000E+00 
 2.94000E+02  6.83150E-01  0.00000E+00 
 2.94100E+02  6.97500E-01  0.00000E+00 
 2.94200E+02  7.13362E-01  0.00000E+00 
 2.94299E+02  7.22537E-01  0.00000E+00 
 2.94399E+02  7.35012E-01  0.00000E+00 
 2.94500E+02  7.49862E-01  0.00000E+00 
 2.94600E+02  7.59187E-01  0.00000E+00 
 2.94700E+02  7.69112E-01  0.00000E+00 
 2.94799E+02  7.83075E-01  0.00000E+00 
 2.94899E+02  7.88487E-01  0.00000E+00 
 2.95000E+02  7.97512E-01  0.00000E+00 
 2.95100E+02  8.07987E-01  0.00000E+00 
 2.95200E+02  8.11312E-01  0.00000E+00 
 2.95299E+02  8.19225E-01  0.00000E+00 
 2.95399E+02  8.26637E-01  0.00000E+00 
 2.95500E+02  8.29062E-01  0.00000E+00 
 2.95600E+02  8.34875E-01  0.00000E+00 
 2.95700E+02  8.38150E-01  0.00000E+00 
 2.95799E+02  8.41087E-01  0.00000E+00 
 2.95899E+02  8.45212E-01  0.00000E+00 
 2.96000E+02  8.47400E-01  0.00000E+00 
 2.96100E+02  8.50425E-01  0.00000E+00 
 2.96200E+02  8.53662E-01  0.00000E+00 
 2.96299E+02  8.55337E-01  0.00000E+00 
 2.96399E+02  8.57312E-01  0.00000E+00 
 2.96500E+02  8.60775E-01  0.00000E+00 
 2.96600E+02  8.60637E-01  0.00000E+00 
 2.96700E+02  8.61900E-01  0.00000E+00 
 2.96799E+02  8.65075E-01  0.00000E+00 
 2.96899E+02  8.65500E-01  0.00000E+00 
 2.97000E+02  8.66262E-01  0.00000E+00 
 2.97100E+02  8.68912E-01  0.00000E+00 
 2.97200E+02  8.69837E-01  0.00000E+00 
 2.97299E+02  8.71375E-01  0.00000E+00 
 2.97399E+02  8.74700E-01  0.00000E+00 
 2.97500E+02  8.75275E-01  0.00000E+00 
 2.97600E+02  8.74662E-01  0.00000E+00 
 2.97700E+02  8.77750E-01  0.00000E+00 
 2.97799E+02  8.79812E-01  0.00000E+00 
 2.97899E+02  8.80212E-01  0.00000E+00 
 2.98000E+02  8.83875E-01  0.00000E+00 
 2.98100E+02  8.85712E-01  0.00000E+00 
 2.98200E+02  8.84787E-01  0.00000E+00 
 2.98299E+02  8.91337E-01  0.00000E+00 
 2.98399E+02  8.91800E-01  0.00000E+00 
 2.98500E+02  8.93075E-01  0.00000E+00 
 2.98600E+02  8.96537E-01  0.00000E+00 
 2.98700E+02  8.99887E-01  0.00000E+00 
 2.98799E+02  9.00587E-01  0.00000E+00 
 2.98899E+02  9.03512E-01  0.00000E+00 
 2.99000E+02  9.06075E-01  0.00000E+00 
 2.99100E+02  9.07300E-01  0.00000E+00 
 2.99200E+02  9.12200E-01  0.00000E+00 
 2.99299E+02  9.14912E-01  0.00000E+00 
 2.99399E+02  9.15650E-01  0.00000E+00 
 2.99500E+02  9.20737E-01  0.00000E+00 
 2.99600E+02  9.33937E-01  0.00000E+00 
 2.99700E+02  9.25550E-01  0.00000E+00 
 2.99799E+02  9.30750E-01  0.00000E+00 
 2.99899E+02  9.31662E-01  0.00000E+00 
 3.00000E+02  9.34325E-01  0.00000E+00 
 3.00100E+02  9.37800E-01  0.00000E+00 
 3.00200E+02  9.39437E-01  0.00000E+00 
 3.00299E+02  9.44775E-01  0.00000E+00 
 3.00399E+02  9.48150E-01  0.00000E+00 
 3.00500E+02  9.50562E-01  0.00000E+00 
 3.00600E+02  9.53437E-01  0.00000E+00 
 3.00700E+02  9.56875E-01  0.00000E+00 
 3.00799E+02  9.62000E-01  0.00000E+00 
 3.00899E+02  9.61725E-01  0.00000E+00 
 3.01000E+02  9.65900E-01  0.00000E+00 
 3.01100E+02  9.71875E-01  0.00000E+00 
 3.01200E+02  9.71187E-01  0.00000E+00 
 3.01299E+02  9.74237E-01  0.00000E+00 
 3.01399E+02  9.78650E-01  0.00000E+00 
 3.01500E+02  9.77062E-01  0.00000E+00 
 3.01600E+02  9.80887E-01  0.00000E+00 
 3.01700E+02  9.89800E-01  0.00000E+00 
 3.01799E+02  9.87562E-01  0.00000E+00 
 3.01899E+02  9.90625E-01  0.00000E+00 
 3.02000E+02  9.94475E-01  0.00000E+00 
 3.02100E+02  9.94787E-01  0.00000E+00 
 3.02200E+02  9.96912E-01  0.00000E+00 
 3.02299E+02  1.00310E+00  0.00000E+00 
 3.02399E+02  1.00281E+00  0.00000E+00 
 3.02500E+02  1.00291E+00  0.00000E+00 
 3.02600E+02  1.00592E+00  0.00000E+00 
 3.02700E+02  1.00792E+00  0.00000E+00 
 3.02799E+02  1.00867E+00  0.00000E+00 
 3.02899E+02  1.01222E+00  0.00000E+00 
 3.03000E+02  1.01368E+00  0.00000E+00 
 3.03100E+02  1.01405E+00  0.00000E+00 
 3.03200E+02  1.01842E+00  0.00000E+00 
 3.03299E+02  1.01962E+00  0.00000E+00 
 3.03399E+02  1.01986E+00  0.00000E+00 
 3.03500E+02  1.02370E+00  0.00000E+00 
 3.03600E+02  1.02618E+00  0.00000E+00 
 3.03700E+02  1.02538E+00  0.00000E+00 
 3.03799E+02  1.02852E+00  0.00000E+00 
 3.03899E+02  1.03008E+00  0.00000E+00 
 3.04000E+02  1.03111E+00  0.00000E+00 
 3.04100E+02  1.03467E+00  0.00000E+00 
 3.04200E+02  1.03943E+00  0.00000E+00 
 3.04299E+02  1.03660E+00  0.00000E+00 
 3.04399E+02  1.03908E+00  0.00000E+00 
 3.04500E+02  1.04323E+00  0.00000E+00 
 3.04600E+02  1.04248E+00  0.00000E+00 
 3.04700E+02  1.04373E+00  0.00000E+00 
 3.04799E+02  1.04823E+00  0.00000E+00 
 3.04899E+02  1.04682E+00  0.00000E+00 
 3.05000E+02  1.04841E+00  0.00000E+00 
 3.05100E+02  1.05200E+00  0.00000E+00 
 3.05200E+02  1.05042E+00  0.00000E+00 
 3.05299E+02  1.05177E+00  0.00000E+00 
 3.05399E+02  1.05253E+00  0.00000E+00 
 3.05500E+02  1.05246E+00  0.00000E+00 
 3.05600E+02  1.05281E+00  0.00000E+00 
 3.05700E+02  1.05566E+00  0.00000E+00 
 3.05799E+02  1.05531E+00  0.00000E+00 
 3.05899E+02  1.05360E+00  0.00000E+00 
 3.06000E+02  1.05717E+00  0.00000E+00 
 3.06100E+02  1.05603E+00  0.00000E+00 
 3.06200E+02  1.05646E+00  0.00000E+00 
 3.06299E+02  1.05726E+00  0.00000E+00 
 3.06399E+02  1.05942E+00  0.00000E+00 
 3.06500E+02  1.05797E+00  0.00000E+00 
 3.06600E+02  1.05741E+00  0.00000E+00 
 3.06700E+02  1.05966E+00  0.00000E+00 
 3.06799E+02  1.05492E+00  0.00000E+00 
 3.06899E+02  1.05736E+00  0.00000E+00 
 3.07000E+02  1.05960E+00  0.00000E+00 
 3.07100E+02  1.05642E+00  0.00000E+00 
 3.07200E+02  1.05532E+00  0.00000E+00 
 3.07299E+02  1.05587E+00  0.00000E+00 
 3.07399E+02  1.05537E+00  0.00000E+00 
 3.07500E+02  1.05203E+00  0.00000E+00 
 3.07600E+02  1.05393E+00  0.00000E+00 
 3.07700E+02  1.05307E+00  0.00000E+00 
 3.07799E+02  1.05167E+00  0.00000E+00 
 3.07899E+02  1.05368E+00  0.00000E+00 
 3.08000E+02  1.05292E+00  0.00000E+00 
 3.08100E+02  1.05230E+00  0.00000E+00 
 3.08200E+02  1.05236E+00  0.00000E+00 
 3.08299E+02  1.05451E+00  0.00000E+00 
 3.08399E+02  1.05268E+00  0.00000E+00 
 3.08500E+02  1.05205E+00  0.00000E+00 
 3.08600E+02  1.05547E+00  0.00000E+00 
 3.08700E+02  1.05185E+00  0.00000E+00 
 3.08799E+02  1.04965E+00  0.00000E+00 
 3.08899E+02  1.05057E+00  0.00000E+00 
 3.09000E+02  1.05000E+00  0.00000E+00 
 3.09100E+02  1.04812E+00  0.00000E+00 
 3.09200E+02  1.05095E+00  0.00000E+00 
 3.09299E+02  1.04877E+00  0.00000E+00 
 3.09399E+02  1.04947E+00  0.00000E+00 
 3.09500E+02  1.05078E+00  0.00000E+00 
 3.09600E+02  1.05343E+00  0.00000E+00 
 3.09700E+02  1.05082E+00  0.00000E+00 
 3.09799E+02  1.05052E+00  0.00000E+00 
 3.09899E+02  1.05331E+00  0.00000E+00 
 3.10000E+02  1.05036E+00  0.00000E+00 
 3.10100E+02  1.05022E+00  0.00000E+00 
 3.10200E+02  1.05043E+00  0.00000E+00 
 3.10299E+02  1.04867E+00  0.00000E+00 
 3.10399E+02  1.04507E+00  0.00000E+00 
 3.10500E+02  1.04886E+00  0.00000E+00 
 3.10600E+02  1.04727E+00  0.00000E+00 
 3.10700E+02  1.04585E+00  0.00000E+00 
 3.10799E+02  1.04728E+00  0.00000E+00 
 3.10899E+02  1.04857E+00  0.00000E+00 
 3.11000E+02  1.04546E+00  0.00000E+00 
 3.11100E+02  1.04436E+00  0.00000E+00 
 3.11200E+02  1.04657E+00  0.00000E+00 
 3.11299E+02  1.04230E+00  0.00000E+00 
 3.11399E+02  1.04052E+00  0.00000E+00 
 3.11500E+02  1.04028E+00  0.00000E+00 
 3.11600E+02  1.03847E+00  0.00000E+00 
 3.11700E+02  1.03548E+00  0.00000E+00 
 3.11799E+02  1.03806E+00  0.00000E+00 
 3.11899E+02  1.03548E+00  0.00000E+00 
 3.12000E+02  1.03421E+00  0.00000E+00 
 3.12100E+02  1.03341E+00  0.00000E+00 
 3.12200E+02  1.03325E+00  0.00000E+00 
 3.12299E+02  1.02855E+00  0.00000E+00 
 3.12399E+02  1.02761E+00  0.00000E+00 
 3.12500E+02  1.02758E+00  0.00000E+00 
 3.12600E+02  1.02443E+00  0.00000E+00 
 3.12700E+02  1.02031E+00  0.00000E+00 
 3.12799E+02  1.02100E+00  0.00000E+00 
 3.12899E+02  1.01762E+00  0.00000E+00 
 3.13000E+02  1.01392E+00  0.00000E+00 
 3.13100E+02  1.01236E+00  0.00000E+00 
 3.13200E+02  1.01372E+00  0.00000E+00 
 3.13299E+02  1.00903E+00  0.00000E+00 
 3.13399E+02  1.00620E+00  0.00000E+00 
 3.13500E+02  1.00502E+00  0.00000E+00 
 3.13600E+02  1.00110E+00  0.00000E+00 
 3.13700E+02  9.97487E-01  0.00000E+00 
 3.13799E+02  9.95225E-01  0.00000E+00 
 3.13899E+02  9.90825E-01  0.00000E+00 
 3.14000E+02  9.87912E-01  0.00000E+00 
 3.14100E+02  9.86500E-01  0.00000E+00 
 3.14200E+02  9.86137E-01  0.00000E+00 
 3.14299E+02  9.81025E-01  0.00000E+00 
 3.14399E+02  9.77950E-01  0.00000E+00 
 3.14500E+02  9.77350E-01  0.00000E+00 
 3.14600E+02  9.71750E-01  0.00000E+00 
 3.14700E+02  9.68112E-01  0.00000E+00 
 3.14799E+02  9.65687E-01  0.00000E+00 
 3.14899E+02  9.61725E-01  0.00000E+00 
 3.15000E+02  9.58612E-01  0.00000E+00 
 3.15100E+02  9.56512E-01  0.00000E+00 
 3.15200E+02  9.57187E-01  0.00000E+00 
 3.15299E+02  9.50825E-01  0.00000E+00 
 3.15399E+02  9.48275E-01  0.00000E+00 
 3.15500E+02  9.47437E-01  0.00000E+00 
 3.15600E+02  9.41887E-01  0.00000E+00 
 3.15700E+02  9.37400E-01  0.00000E+00 
 3.15799E+02  9.36600E-01  0.00000E+00 
 3.15899E+02  9.32512E-01  0.00000E+00 
 3.16000E+02  9.39600E-01  0.00000E+00 
 3.16100E+02  9.27025E-01  0.00000E+00 
 3.16200E+02  9.26500E-01  0.00000E+00 
 3.16299E+02  9.20112E-01  0.00000E+00 
 3.16399E+02  9.17062E-01  0.00000E+00 
 3.16500E+02  9.15375E-01  0.00000E+00 
 3.16600E+02  9.11150E-01  0.00000E+00 
 3.16700E+02  9.06037E-01  0.00000E+00 
 3.16799E+02  9.05537E-01  0.00000E+00 
 3.16899E+02  9.02362E-01  0.00000E+00 
 3.17000E+02  8.98725E-01  0.00000E+00 
 3.17100E+02  8.96937E-01  0.00000E+00 
 3.17200E+02  8.96412E-01  0.00000E+00 
 3.17299E+02  8.90275E-01  0.00000E+00 
 3.17399E+02  8.86475E-01  0.00000E+00 
 3.17500E+02  8.84800E-01  0.00000E+00 
 3.17600E+02  8.80150E-01  0.00000E+00 
 3.17700E+02  8.77500E-01  0.00000E+00 
 3.17799E+02  8.75550E-01  0.00000E+00 
 3.17899E+02  8.74400E-01  0.00000E+00 
 3.18000E+02  8.69275E-01  0.00000E+00 
 3.18100E+02  8.66737E-01  0.00000E+00 
 3.18200E+02  8.64250E-01  0.00000E+00 
 3.18299E+02  8.60200E-01  0.00000E+00 
 3.18399E+02  8.56200E-01  0.00000E+00 
 3.18500E+02  8.56725E-01  0.00000E+00 
 3.18600E+02  8.56237E-01  0.00000E+00 
 3.18700E+02  8.50637E-01  0.00000E+00 
 3.18799E+02  8.47587E-01  0.00000E+00 
 3.18899E+02  8.47887E-01  0.00000E+00 
 3.19000E+02  8.41500E-01  0.00000E+00 
 3.19100E+02  8.36612E-01  0.00000E+00 
 3.19200E+02  8.35862E-01  0.00000E+00 
 3.19299E+02  8.32425E-01  0.00000E+00 
 3.19399E+02  8.29425E-01  0.00000E+00 
 3.19500E+02  8.26950E-01  0.00000E+00 
 3.19600E+02  8.25750E-01  0.00000E+00 
 3.19700E+02  8.22212E-01  0.00000E+00 
 3.19799E+02  8.17337E-01  0.00000E+00 
 3.19899E+02  8.16787E-01  0.00000E+00 
 3.20000E+02  8.13137E-01  0.00000E+00 
 3.20100E+02  8.09650E-01  0.00000E+00 
 3.20200E+02  8.07925E-01  0.00000E+00 
 3.20299E+02  8.06962E-01  0.00000E+00 
 3.20399E+02  8.00887E-01  0.00000E+00 
 3.20500E+02  7.99850E-01  0.00000E+00 
 3.20600E+02  7.98200E-01  0.00000E+00 
 3.20700E+02  7.93312E-01  0.00000E+00 
 3.20799E+02  7.90250E-01  0.00000E+00 
 3.20899E+02  7.88912E-01  0.00000E+00 
 3.21000E+02  7.88037E-01  0.00000E+00 
 3.21100E+02  7.83000E-01  0.00000E+00 
 3.21200E+02  7.80962E-01  0.00000E+00 
 3.21299E+02  7.78762E-01  0.00000E+00 
 3.21399E+02  7.75362E-01  0.00000E+00 
 3.21500E+02  7.72087E-01  0.00000E+00 
 3.21600E+02  7.70612E-01  0.00000E+00 
 3.21700E+02  7.70550E-01  0.00000E+00 
 3.21799E+02  7.64525E-01  0.00000E+00 
 3.21899E+02  7.62062E-01  0.00000E+00 
 3.22000E+02  7.59700E-01  0.00000E+00 
 3.22100E+02  7.56637E-01  0.00000E+00 
 3.22200E+02  7.53637E-01  0.00000E+00 
 3.22299E+02  7.52362E-01  0.00000E+00 
 3.22399E+02  7.52512E-01  0.00000E+00 
 3.22500E+02  7.46875E-01  0.00000E+00 
 3.22600E+02  7.44587E-01  0.00000E+00 
 3.22700E+02  7.42500E-01  0.00000E+00 
 3.22799E+02  7.39075E-01  0.00000E+00 
 3.22899E+02  7.35912E-01  0.00000E+00 
 3.23000E+02  7.34712E-01  0.00000E+00 
 3.23100E+02  7.34875E-01  0.00000E+00 
 3.23200E+02  7.28887E-01  0.00000E+00 
 3.23299E+02  7.28312E-01  0.00000E+00 
 3.23399E+02  7.27225E-01  0.00000E+00 
 3.23500E+02  7.22737E-01  0.00000E+00 
 3.23600E+02  7.18925E-01  0.00000E+00 
 3.23700E+02  7.18087E-01  0.00000E+00 
 3.23799E+02  7.18425E-01  0.00000E+00 
 3.23899E+02  7.13062E-01  0.00000E+00 
 3.24000E+02  7.10537E-01  0.00000E+00 
 3.24100E+02  7.09687E-01  0.00000E+00 
 3.24200E+02  7.05687E-01  0.00000E+00 
 3.24299E+02  7.03937E-01  0.00000E+00 
 3.24399E+02  7.02400E-01  0.00000E+00 
 3.24500E+02  7.03475E-01  0.00000E+00 
 3.24600E+02  6.98225E-01  0.00000E+00 
 3.24700E+02  6.95500E-01  0.00000E+00 
 3.24799E+02  6.94087E-01  0.00000E+00 
 3.24899E+02  6.90525E-01  0.00000E+00 
 3.25000E+02  6.89300E-01  0.00000E+00 
 3.25100E+02  6.87262E-01  0.00000E+00 
 3.25200E+02  6.88412E-01  0.00000E+00 
 3.25299E+02  6.83837E-01  0.00000E+00 
 3.25399E+02  6.89187E-01  0.00000E+00 
 3.25500E+02  6.90275E-01  0.00000E+00 
 3.25600E+02  6.81187E-01  0.00000E+00 
 3.25700E+02  6.76062E-01  0.00000E+00 
 3.25799E+02  6.74525E-01  0.00000E+00 
 3.25899E+02  6.82912E-01  0.00000E+00 
 3.26000E+02  6.69550E-01  0.00000E+00 
 3.26100E+02  6.67250E-01  0.00000E+00 
 3.26200E+02  6.66012E-01  0.00000E+00 
 3.26299E+02  6.66187E-01  0.00000E+00 
 3.26399E+02  6.61912E-01  0.00000E+00 
 3.26500E+02  6.58912E-01  0.00000E+00 
 3.26600E+02  6.59300E-01  0.00000E+00 
 3.26700E+02  6.56775E-01  0.00000E+00 
 3.26799E+02  6.54537E-01  0.00000E+00 
 3.26899E+02  6.53425E-01  0.00000E+00 
 3.27000E+02  6.54825E-01  0.00000E+00 
 3.27100E+02  6.49862E-01  0.00000E+00 
 3.27200E+02  6.45537E-01  0.00000E+00 
 3.27299E+02  6.46675E-01  0.00000E+00 
 3.27399E+02  6.47937E-01  0.00000E+00 
 3.27500E+02  6.43062E-01  0.00000E+00 
 3.27600E+02  6.41300E-01  0.00000E+00 
 3.27700E+02  6.39500E-01  0.00000E+00 
 3.27799E+02  6.37325E-01  0.00000E+00 
 3.27899E+02  6.34637E-01  0.00000E+00 
 3.28000E+02  6.34275E-01  0.00000E+00 
 3.28100E+02  6.34800E-01  0.00000E+00 
 3.28200E+02  6.31350E-01  0.00000E+00 
 3.28299E+02  6.27650E-01  0.00000E+00 
 3.28399E+02  6.27675E-01  0.00000E+00 
 3.28500E+02  6.25425E-01  0.00000E+00 
 3.28600E+02  6.24137E-01  0.00000E+00 
 3.28700E+02  6.24100E-01  0.00000E+00 
 3.28799E+02  6.22462E-01  0.00000E+00 
 3.28899E+02  6.20100E-01  0.00000E+00 
 3.29000E+02  6.16762E-01  0.00000E+00 
 3.29100E+02  6.17725E-01  0.00000E+00 
 3.29200E+02  6.19187E-01  0.00000E+00 
 3.29299E+02  6.14425E-01  0.00000E+00 
 3.29399E+02  6.12237E-01  0.00000E+00 
 3.29500E+02  6.12250E-01  0.00000E+00 
 3.29600E+02  6.09600E-01  0.00000E+00 
 3.29700E+02  6.07850E-01  0.00000E+00 
 3.29799E+02  6.06375E-01  0.00000E+00 
 3.29899E+02  6.05212E-01  0.00000E+00 
 3.30000E+02  6.02850E-01  0.00000E+00 
 3.30100E+02  6.01662E-01  0.00000E+00 
 3.30200E+02  6.01575E-01  0.00000E+00 
 3.30299E+02  6.01925E-01  0.00000E+00 
 3.30399E+02  5.98812E-01  0.00000E+00 
 3.30500E+02  5.96350E-01  0.00000E+00 
 3.30600E+02  5.95962E-01  0.00000E+00 
 3.30700E+02  5.93637E-01  0.00000E+00 
 3.30799E+02  5.92700E-01  0.00000E+00 
 3.30899E+02  5.91687E-01  0.00000E+00 
 3.31000E+02  5.90275E-01  0.00000E+00 
 3.31100E+02  5.88212E-01  0.00000E+00 
 3.31200E+02  5.85912E-01  0.00000E+00 
 3.31299E+02  5.85662E-01  0.00000E+00 
 3.31399E+02  5.87500E-01  0.00000E+00 
 3.31500E+02  5.83412E-01  0.00000E+00 
 3.31600E+02  5.77962E-01  0.00000E+00 
 3.31700E+02  5.79675E-01  0.00000E+00 
 3.31799E+02  5.81475E-01  0.00000E+00 
 3.31899E+02  5.76712E-01  0.00000E+00 
 3.32000E+02  5.76150E-01  0.00000E+00 
 3.32100E+02  5.75337E-01  0.00000E+00 
 3.32200E+02  5.72562E-01  0.00000E+00 
 3.32299E+02  5.71112E-01  0.00000E+00 
 3.32399E+02  5.70225E-01  0.00000E+00 
 3.32500E+02  5.72650E-01  0.00000E+00 
 3.32600E+02  5.66812E-01  0.00000E+00 
 3.32700E+02  5.65137E-01  0.00000E+00 
 3.32799E+02  5.64537E-01  0.00000E+00 
 3.32899E+02  5.65137E-01  0.00000E+00 
 3.33000E+02  5.62262E-01  0.00000E+00 
 3.33100E+02  5.58962E-01  0.00000E+00 
 3.33200E+02  5.59262E-01  0.00000E+00 
 3.33299E+02  5.60650E-01  0.00000E+00 
 3.33399E+02  5.56275E-01  0.00000E+00 
 3.33500E+02  5.54862E-01  0.00000E+00 
 3.33600E+02  5.53987E-01  0.00000E+00 
 3.33700E+02  5.51862E-01  0.00000E+00 
 3.33799E+02  5.49425E-01  0.00000E+00 
 3.33899E+02  5.48812E-01  0.00000E+00 
 3.34000E+02  5.50212E-01  0.00000E+00 
 3.34100E+02  5.45437E-01  0.00000E+00 
 3.34200E+02  5.42962E-01  0.00000E+00 
 3.34299E+02  5.42975E-01  0.00000E+00 
 3.34399E+02  5.43600E-01  0.00000E+00 
 3.34500E+02  5.40125E-01  0.00000E+00 
 3.34600E+02  5.35937E-01  0.00000E+00 
 3.34700E+02  5.37037E-01  0.00000E+00 
 3.34799E+02  5.38425E-01  0.00000E+00 
 3.34899E+02  5.33575E-01  0.00000E+00 
 3.35000E+02  5.32650E-01  0.00000E+00 
 3.35100E+02  5.32300E-01  0.00000E+00 
 3.35200E+02  5.29462E-01  0.00000E+00 
 3.35299E+02  5.28612E-01  0.00000E+00 
 3.35399E+02  5.26937E-01  0.00000E+00 
 3.35500E+02  5.26150E-01  0.00000E+00 
 3.35600E+02  5.24000E-01  0.00000E+00 
 3.35700E+02  5.22387E-01  0.00000E+00 
 3.35799E+02  5.21475E-01  0.00000E+00 
 3.35899E+02  5.23575E-01  0.00000E+00 
 3.36000E+02  5.18225E-01  0.00000E+00 
 3.36100E+02  5.16075E-01  0.00000E+00 
 3.36200E+02  5.15600E-01  0.00000E+00 
 3.36299E+02  5.16625E-01  0.00000E+00 
 3.36399E+02  5.13337E-01  0.00000E+00 
 3.36500E+02  5.08537E-01  0.00000E+00 
 3.36600E+02  5.09775E-01  0.00000E+00 
 3.36700E+02  5.11762E-01  0.00000E+00 
 3.36799E+02  5.06825E-01  0.00000E+00 
 3.36899E+02  5.05412E-01  0.00000E+00 
 3.37000E+02  5.04912E-01  0.00000E+00 
 3.37100E+02  5.02575E-01  0.00000E+00 
 3.37200E+02  5.01800E-01  0.00000E+00 
 3.37299E+02  5.00750E-01  0.00000E+00 
 3.37399E+02  5.00462E-01  0.00000E+00 
 3.37500E+02  4.97837E-01  0.00000E+00 
 3.37600E+02  4.96100E-01  0.00000E+00 
 3.37700E+02  4.96187E-01  0.00000E+00 
 3.37799E+02  4.94550E-01  0.00000E+00 
 3.37899E+02  4.92287E-01  0.00000E+00 
 3.38000E+02  4.91162E-01  0.00000E+00 
 3.38100E+02  4.90050E-01  0.00000E+00 
 3.38200E+02  4.92150E-01  0.00000E+00 
 3.38299E+02  4.87525E-01  0.00000E+00 
 3.38399E+02  4.85250E-01  0.00000E+00 
 3.38500E+02  4.85225E-01  0.00000E+00 
 3.38600E+02  4.86962E-01  0.00000E+00 
 3.38700E+02  4.82412E-01  0.00000E+00 
 3.38799E+02  4.78462E-01  0.00000E+00 
 3.38899E+02  4.79300E-01  0.00000E+00 
 3.39000E+02  4.81387E-01  0.00000E+00 
 3.39100E+02  4.77350E-01  0.00000E+00 
 3.39200E+02  4.73425E-01  0.00000E+00 
 3.39299E+02  4.74225E-01  0.00000E+00 
 3.39399E+02  4.76437E-01  0.00000E+00 
 3.39500E+02  4.71562E-01  0.00000E+00 
 3.39600E+02  4.68962E-01  0.00000E+00 
 3.39700E+02  4.69487E-01  0.00000E+00 
 3.39799E+02  4.71087E-01  0.00000E+00 
 3.39899E+02  4.66087E-01  0.00000E+00 
 3.40000E+02  4.64900E-01  0.00000E+00 
 3.40100E+02  4.64137E-01  0.00000E+00 
 3.40200E+02  4.61725E-01  0.00000E+00 
 3.40299E+02  4.60812E-01  0.00000E+00 
 3.40399E+02  4.59425E-01  0.00000E+00 
 3.40500E+02  4.59200E-01  0.00000E+00 
 3.40600E+02  4.56725E-01  0.00000E+00 
 3.40700E+02  4.55387E-01  0.00000E+00 
 3.40799E+02  4.54362E-01  0.00000E+00 
 3.40899E+02  4.52912E-01  0.00000E+00 
 3.41000E+02  4.51025E-01  0.00000E+00 
 3.41100E+02  4.49200E-01  0.00000E+00 
 3.41200E+02  4.48937E-01  0.00000E+00 
 3.41299E+02  4.47612E-01  0.00000E+00 
 3.41399E+02  4.45012E-01  0.00000E+00 
 3.41500E+02  4.43500E-01  0.00000E+00 
 3.41600E+02  4.43175E-01  0.00000E+00 
 3.41700E+02  4.41675E-01  0.00000E+00 
 3.41799E+02  4.39100E-01  0.00000E+00 
 3.41899E+02  4.38187E-01  0.00000E+00 
 3.42000E+02  4.37262E-01  0.00000E+00 
 3.42100E+02  4.36362E-01  0.00000E+00 
 3.42200E+02  4.33875E-01  0.00000E+00 
 3.42299E+02  4.31975E-01  0.00000E+00 
 3.42399E+02  4.31537E-01  0.00000E+00 
 3.42500E+02  4.33662E-01  0.00000E+00 
 3.42600E+02  4.39012E-01  0.00000E+00 
 3.42700E+02  4.26887E-01  0.00000E+00 
 3.42799E+02  4.26487E-01  0.00000E+00 
 3.42899E+02  4.28462E-01  0.00000E+00 
 3.43000E+02  4.23825E-01  0.00000E+00 
 3.43100E+02  4.21687E-01  0.00000E+00 
 3.43200E+02  4.41475E-01  0.00000E+00 
 3.43299E+02  4.33562E-01  0.00000E+00 
 3.43399E+02  4.18250E-01  0.00000E+00 
 3.43500E+02  4.16325E-01  0.00000E+00 
 3.43600E+02  4.15662E-01  0.00000E+00 
 3.43700E+02  4.17462E-01  0.00000E+00 
 3.43799E+02  4.12900E-01  0.00000E+00 
 3.43899E+02  4.11050E-01  0.00000E+00 
 3.44000E+02  4.10962E-01  0.00000E+00 
 3.44100E+02  4.13037E-01  0.00000E+00 
 3.44200E+02  4.08262E-01  0.00000E+00 
 3.44299E+02  4.06550E-01  0.00000E+00 
 3.44399E+02  4.06412E-01  0.00000E+00 
 3.44500E+02  4.08050E-01  0.00000E+00 
 3.44600E+02  4.03287E-01  0.00000E+00 
 3.44700E+02  4.01412E-01  0.00000E+00 
 3.44799E+02  4.01375E-01  0.00000E+00 
 3.44899E+02  4.02712E-01  0.00000E+00 
 3.45000E+02  3.98350E-01  0.00000E+00 
 3.45100E+02  3.96400E-01  0.00000E+00 
 3.45200E+02  3.96625E-01  0.00000E+00 
 3.45299E+02  3.97925E-01  0.00000E+00 
 3.45399E+02  3.94437E-01  0.00000E+00 
 3.45500E+02  3.91037E-01  0.00000E+00 
 3.45600E+02  3.91450E-01  0.00000E+00 
 3.45700E+02  3.94812E-01  0.00000E+00 
 3.45799E+02  3.88650E-01  0.00000E+00 
 3.45899E+02  3.87325E-01  0.00000E+00 
 3.46000E+02  3.88087E-01  0.00000E+00 
 3.46100E+02  3.89250E-01  0.00000E+00 
 3.46200E+02  3.84987E-01  0.00000E+00 
 3.46299E+02  3.83912E-01  0.00000E+00 
 3.46399E+02  3.83787E-01  0.00000E+00 
 3.46500E+02  3.82450E-01  0.00000E+00 
 3.46600E+02  3.80562E-01  0.00000E+00 
 3.46700E+02  3.79712E-01  0.00000E+00 
 3.46799E+02  3.79687E-01  0.00000E+00 
 3.46899E+02  3.78700E-01  0.00000E+00 
 3.47000E+02  3.76912E-01  0.00000E+00 
 3.47100E+02  3.75612E-01  0.00000E+00 
 3.47200E+02  3.75862E-01  0.00000E+00 
 3.47299E+02  3.74400E-01  0.00000E+00 
 3.47399E+02  3.73325E-01  0.00000E+00 
 3.47500E+02  3.72525E-01  0.00000E+00 
 3.47600E+02  3.71825E-01  0.00000E+00 
 3.47700E+02  3.71725E-01  0.00000E+00 
 3.47799E+02  3.69312E-01  0.00000E+00 
 3.47899E+02  3.68400E-01  0.00000E+00 
 3.48000E+02  3.68112E-01  0.00000E+00 
 3.48100E+02  3.67700E-01  0.00000E+00 
 3.48200E+02  3.65600E-01  0.00000E+00 
 3.48299E+02  3.64825E-01  0.00000E+00 
 3.48399E+02  3.64675E-01  0.00000E+00 
 3.48500E+02  3.64000E-01  0.00000E+00 
 3.48600E+02  3.65625E-01  0.00000E+00 
 3.48700E+02  3.61750E-01  0.00000E+00 
 3.48799E+02  3.59812E-01  0.00000E+00 
 3.48899E+02  3.60250E-01  0.00000E+00 
 3.49000E+02  3.62150E-01  0.00000E+00 
 3.49100E+02  3.58250E-01  0.00000E+00 
 3.49200E+02  3.54975E-01  0.00000E+00 
 3.49299E+02  3.56887E-01  0.00000E+00 
 3.49399E+02  3.58175E-01  0.00000E+00 
 3.49500E+02  3.55375E-01  0.00000E+00 
 3.49600E+02  3.51450E-01  0.00000E+00 
 3.49700E+02  3.53650E-01  0.00000E+00 
 3.49799E+02  3.54875E-01  0.00000E+00 
 3.49899E+02  3.51537E-01  0.00000E+00 
 3.50000E+02  3.49675E-01  0.00000E+00 
END
