Comment  : 
Probe    : 
CfgTyp   : $628
Fileform : $BF
Date     : 08.01.2013  01:48:48
Program  : EMP/2-M
Version  : 00.4A1
MeasTyp  : CFS
Analys.  : 1
Scans    : 1
Points   : 173
MonSta   :  4.005000000E+02
MonEnd   :  4.030000000E+02
AnaSta   :  2.000000000E+02
AnaEnd   :  6.000000000E+02
AnaRange :  1.000000000E+04
AnaMin   :  0.000000000E+00
DacSta   :  0.000000000E+00
DacEnd   :  1.000000000E+01
DeltaE   :  0.000000000E+00
MonName  : TGM1
MonType  : 1
MonUnit  : Step/S
MonSpeed :  5.000000000E+02
MonRewind:  0.000000000E+00
MonSweep :  2.000000000E+00
IdPos    :  3.615650000E+01
IdMode   : 0
LiveTime :  0.000000000E+00
DeadTime :  8.000000000E-03
MeasTime :  0.000000000E+00
ScanTime :  1.707873650E+02
ScanCtrl : ENERGY
DelayVal :  0.000000000E+00
SecMeas  : FALSE
XMonFile : 
XAnaFile : 
P_TakeUp : TRUE
ChanOrder: 1,2
Devices  : NAME=KEITHLEY@11,TIME= 1.00000E+00,MODE=1,RANGE=1,AVERAGE=0,TRIGGER=1,OPEN=256,UNIT=Ampere
Display  : COLOR=$FF0000,TYPE=19,LINE=0,POINT=0,WINNR=1,NAME=
           COLOR=$008000,TYPE=19,LINE=0,POINT=0,WINNR=1,NAME=
Arithm.  : OFFS= 0.000000000E+00,OFFS2= 0.000000000E+00,FUNC=$0,FINR=$0,VAL1=$0,VAL2=$0,OPER=$0,BITS=$0,NAME=STDMATH
           OFFS= 0.000000000E+00,OFFS2= 0.000000000E+00,FUNC=$0,FINR=$0,VAL1=$0,VAL2=$0,OPER=$0,BITS=$0,NAME=STDMATH
DATAVALUE:
BEGIN
 4.0050000E+02 -9.833113E-12  2.984800E+02
 4.0051000E+02 -9.707481E-12  2.984710E+02
 4.0052000E+02 -8.032375E-12  2.984600E+02
 4.0053000E+02 -7.733250E-12  2.984520E+02
 4.0054000E+02 -8.590741E-12  2.984400E+02
 4.0055000E+02 -9.980684E-12  2.984300E+02
 4.0056000E+02 -1.246940E-11  2.984210E+02
 4.0057000E+02 -1.024590E-11  2.984120E+02
 4.0058000E+02 -9.863021E-12  2.984010E+02
 4.0059000E+02 -9.496097E-12  2.983920E+02
 4.0060000E+02 -8.721363E-12  2.983830E+02
 4.0061000E+02 -6.597569E-12  2.983730E+02
 4.0062000E+02 -5.633386E-12  2.983640E+02
 4.0063000E+02 -7.294526E-12  2.983530E+02
 4.0064000E+02 -6.910654E-12  2.983440E+02
 4.0065000E+02 -8.214839E-12  2.983340E+02
 4.0066000E+02 -5.482824E-12  2.983240E+02
 4.0067000E+02 -3.215453E-12  2.983130E+02
 4.0068000E+02 -5.483826E-12  2.983030E+02
 4.0069000E+02 -1.595188E-12  2.982940E+02
 4.0070000E+02 -3.686077E-12  2.982850E+02
 4.0071000E+02 -4.288316E-12  2.982750E+02
 4.0072000E+02 -6.414103E-12  2.982660E+02
 4.0073000E+02  1.285314E-12  2.982540E+02
 4.0074000E+02 -5.921203E-13  2.982430E+02
 4.0075000E+02 -8.035024E-13  2.982350E+02
 4.0076000E+02  5.904536E-12  2.982250E+02
 4.0077000E+02  4.174697E-12  2.982140E+02
 4.0078000E+02  3.952358E-12  2.982040E+02
 4.0079000E+02  1.031339E-11  2.981960E+02
 4.0080000E+02  8.704188E-12  2.981860E+02
 4.0081000E+02  1.465145E-11  2.981770E+02
 4.0082000E+02  1.900846E-11  2.981840E+02
 4.0083000E+02  2.974544E-11  2.983000E+02
 4.0084000E+02  2.920206E-11  2.984940E+02
 4.0085000E+02  3.888918E-11  2.984830E+02
 4.0086000E+02  4.293012E-11  2.984740E+02
 4.0087000E+02  4.840878E-11  2.984640E+02
 4.0088000E+02  5.090535E-11  2.984550E+02
 4.0089000E+02  5.386550E-11  2.984420E+02
 4.0090000E+02  5.398215E-11  2.984330E+02
 4.0091000E+02  5.383161E-11  2.984220E+02
 4.0092000E+02  5.137496E-11  2.984120E+02
 4.0093000E+02  4.838485E-11  2.984010E+02
 4.0094000E+02  4.390821E-11  2.983920E+02
 4.0095000E+02  4.160208E-11  2.983820E+02
 4.0096000E+02  3.798687E-11  2.983720E+02
 4.0097000E+02  3.550525E-11  2.983630E+02
 4.0098000E+02  3.232973E-11  2.983510E+02
 4.0099000E+02  3.053308E-11  2.983420E+02
 4.0100000E+02  3.075543E-11  2.983310E+02
 4.0101000E+02  2.861581E-11  2.983220E+02
 4.0102000E+02  2.756296E-11  2.983120E+02
 4.0103000E+02  3.062680E-11  2.983020E+02
 4.0104000E+02  3.144337E-11  2.982910E+02
 4.0105000E+02  3.472161E-11  2.982800E+02
 4.0106000E+02  3.751724E-11  2.982720E+02
 4.0107000E+02  4.177655E-11  2.982610E+02
 4.0108000E+02  4.587034E-11  2.982490E+02
 4.0109000E+02  5.246069E-11  2.982400E+02
 4.0110000E+02  5.480470E-11  2.982290E+02
 4.0111000E+02  5.737999E-11  2.982180E+02
 4.0112000E+02  5.784066E-11  2.982090E+02
 4.0113000E+02  5.627033E-11  2.982140E+02
 4.0114000E+02  5.730826E-11  2.985260E+02
 4.0115000E+02  5.448964E-11  2.985160E+02
 4.0116000E+02  4.920743E-11  2.985060E+02
 4.0117000E+02  4.473973E-11  2.984960E+02
 4.0118000E+02  4.057716E-11  2.984850E+02
 4.0119000E+02  3.627198E-11  2.984730E+02
 4.0120000E+02  3.123699E-11  2.984630E+02
 4.0121000E+02  2.816415E-11  2.984540E+02
 4.0122000E+02  2.231559E-11  2.984430E+02
 4.0123000E+02  2.087589E-11  2.984320E+02
 4.0124000E+02  2.047309E-11  2.984240E+02
 4.0125000E+02  1.759467E-11  2.984130E+02
 4.0126000E+02  1.934147E-11  2.984020E+02
 4.0127000E+02  1.807325E-11  2.983920E+02
 4.0128000E+02  1.756975E-11  2.983810E+02
 4.0129000E+02  1.757873E-11  2.983720E+02
 4.0130000E+02  2.112614E-11  2.983630E+02
 4.0131000E+02  2.332059E-11  2.983520E+02
 4.0132000E+02  2.464565E-11  2.983410E+02
 4.0133000E+02  2.612224E-11  2.983310E+02
 4.0134000E+02  2.781618E-11  2.983210E+02
 4.0135000E+02  2.826982E-11  2.983120E+02
 4.0136000E+02  2.678327E-11  2.983010E+02
 4.0137000E+02  2.719203E-11  2.982900E+02
 4.0138000E+02  2.582314E-11  2.982800E+02
 4.0139000E+02  2.421194E-11  2.982710E+02
 4.0140000E+02  2.107130E-11  2.982600E+02
 4.0141000E+02  1.770535E-11  2.982500E+02
 4.0142000E+02  1.598646E-11  2.982380E+02
 4.0143000E+02  1.412004E-11  2.982300E+02
 4.0144000E+02  9.881677E-12  2.982200E+02
 4.0145000E+02  8.988342E-12  2.982100E+02
 4.0146000E+02  8.733102E-12  2.981990E+02
 4.0147000E+02  7.833787E-12  2.981890E+02
 4.0148000E+02  6.861682E-12  2.981780E+02
 4.0149000E+02  5.248495E-12  2.981690E+02
 4.0150000E+02  5.593464E-12  2.981590E+02
 4.0151000E+02  6.848717E-12  2.981490E+02
 4.0152000E+02  5.876619E-12  2.981380E+02
 4.0153000E+02  8.248546E-12  2.981450E+02
 4.0154000E+02  8.431997E-12  2.984280E+02
 4.0155000E+02  9.520753E-12  2.984470E+02
 4.0156000E+02  9.709187E-12  2.984390E+02
 4.0157000E+02  9.625439E-12  2.984260E+02
 4.0158000E+02  1.049385E-11  2.984180E+02
 4.0159000E+02  9.591539E-12  2.984070E+02
 4.0160000E+02  8.691223E-12  2.983970E+02
 4.0161000E+02  7.403067E-12  2.983870E+02
 4.0162000E+02  7.287414E-12  2.983740E+02
 4.0163000E+02  6.825789E-12  2.983650E+02
 4.0164000E+02  6.478824E-12  2.983560E+02
 4.0165000E+02  4.190649E-12  2.983450E+02
 4.0166000E+02  3.269397E-12  2.983350E+02
 4.0167000E+02  3.247462E-12  2.983240E+02
 4.0168000E+02  2.072963E-12  2.983150E+02
 4.0169000E+02  1.059986E-12  2.983050E+02
 4.0170000E+02  1.826022E-13  2.982940E+02
 4.0171000E+02  3.022455E-13  2.982840E+02
 4.0172000E+02  9.602827E-13  2.982740E+02
 4.0173000E+02 -1.460581E-12  2.982640E+02
 4.0174000E+02 -1.579236E-12  2.982530E+02
 4.0175000E+02 -1.445626E-12  2.982430E+02
 4.0176000E+02 -1.073713E-12  2.982320E+02
 4.0177000E+02 -1.164448E-12  2.982220E+02
 4.0178000E+02 -5.462544E-13  2.982120E+02
 4.0179000E+02 -1.154477E-12  2.982010E+02
 4.0180000E+02 -1.834489E-12  2.981920E+02
 4.0181000E+02 -1.076704E-12  2.981820E+02
 4.0182000E+02 -1.976075E-12  2.981720E+02
 4.0183000E+02 -3.108765E-12  2.983460E+02
 4.0184000E+02 -4.366089E-12  2.985080E+02
 4.0185000E+02 -6.583608E-12  2.984980E+02
 4.0186000E+02 -5.379126E-12  2.984880E+02
 4.0187000E+02 -5.838786E-12  2.984760E+02
 4.0188000E+02 -6.440028E-12  2.984670E+02
 4.0189000E+02 -8.114136E-12  2.984570E+02
 4.0190000E+02 -7.942637E-12  2.984470E+02
 4.0191000E+02 -8.200883E-12  2.984350E+02
 4.0192000E+02 -6.601553E-12  2.984260E+02
 4.0193000E+02 -9.707477E-12  2.984160E+02
 4.0194000E+02 -8.244754E-12  2.984070E+02
 4.0195000E+02 -9.035441E-12  2.983970E+02
 4.0196000E+02 -9.024476E-12  2.983860E+02
 4.0197000E+02 -8.312556E-12  2.983760E+02
 4.0198000E+02 -7.071182E-12  2.983660E+02
 4.0199000E+02 -7.898760E-12  2.983570E+02
 4.0200000E+02 -6.060139E-12  2.983460E+02
 4.0201000E+02 -7.859874E-12  2.983350E+02
 4.0202000E+02 -8.205864E-12  2.983240E+02
 4.0203000E+02 -6.341313E-12  2.983150E+02
 4.0204000E+02 -8.639598E-12  2.983050E+02
 4.0205000E+02 -8.142055E-12  2.982950E+02
 4.0206000E+02 -7.484971E-12  2.982830E+02
 4.0207000E+02 -7.702333E-12  2.982740E+02
 4.0208000E+02 -7.718293E-12  2.982640E+02
 4.0209000E+02 -7.433124E-12  2.982540E+02
 4.0210000E+02 -7.702338E-12  2.982440E+02
 4.0211000E+02 -7.789082E-12  2.982340E+02
 4.0212000E+02 -8.401294E-12  2.982230E+02
 4.0213000E+02 -8.107153E-12  2.982640E+02
 4.0214000E+02 -8.230793E-12  2.985530E+02
 4.0215000E+02 -6.711235E-12  2.985430E+02
 4.0216000E+02 -8.054306E-12  2.985330E+02
 4.0217000E+02 -3.063897E-12  2.985230E+02
 4.0218000E+02 -6.145885E-12  2.985130E+02
 4.0219000E+02 -6.234627E-12  2.985020E+02
 4.0220000E+02 -7.637527E-12  2.984920E+02
 4.0221000E+02 -9.662608E-12  2.984850E+02
 4.0222000E+02 -7.862869E-12  2.984730E+02
END
